100000
tensor([[30.3287, 56.7384],
        [30.5637, 55.8263],
        [30.3287, 56.7384],
        [30.3287, 56.7384],
        [30.3287, 56.7384],
        [30.5637, 55.8263],
        [28.9194, 53.8786],
        [29.8475, 55.8261],
        [29.1644, 54.0155],
        [28.9194, 53.8786],
        [29.1644, 54.0155],
        [29.6125, 56.7382],
        [30.3287, 56.7384],
        [29.8475, 55.8261],
        [30.3287, 56.7384],
        [35.2898, 54.5602],
        [33.8575, 54.5597],
        [33.8575, 54.5597],
        [32.4251, 54.5594],
        [32.4251, 54.5594],
        [31.5148, 54.9144],
        [29.2130, 54.7121],
        [28.7431, 56.5364],
        [17.7762, 56.9612],
        [26.9226, 57.2464],
        [10.5419, 55.8942],
        [26.2473, 56.6894],
        [26.9226, 57.2464],
        [27.3925, 55.4222],
        [27.4742, 54.3084],
        [28.1905, 54.3086],
        [28.1905, 54.3086],
        [26.3176, 52.8390],
        [26.3176, 52.8390],
        [26.9930, 53.3961],
        [26.9930, 53.3961],
        [26.9930, 53.3961],
        [26.9930, 53.3961],
        [26.9930, 53.3961],
        [28.3436, 54.5103],
        [29.4888, 53.2431],
        [26.9955, 41.9670],
        [27.7853, 44.9425],
        [27.5784, 42.8956],
        [27.9923, 46.9895],
        [29.3651, 50.8937],
        [31.8315, 52.8885],
        [32.5068, 53.4456],
        [32.5068, 53.4456],
        [34.1038, 56.3842],
        [31.0858, 56.1817],
        [32.4773, 56.7390],
        [31.0858, 56.1817],
        [30.3696, 56.1815],
        [30.3696, 56.1815],
        [31.0449, 56.7386],
        [32.3956, 57.8528],
        [33.1118, 57.8530],
        [32.2015, 58.2080],
        [27.5816, 46.3140],
        [26.9216, 39.3574],
        [26.2616, 32.4008],
        [26.2616, 32.4008],
        [26.2616, 32.4008],
        [26.4875, 32.6035],
        [27.2880, 37.3812],
        [27.2006, 32.3306],
        [19.3856, 38.3944],
        [20.9369, 37.1473],
        [20.9369, 37.1473],
        [20.9369, 37.1473],
        [20.9369, 37.1473],
        [20.0752, 37.6938],
        [20.0752, 37.6938],
        [20.6401, 35.6046],
        [21.3475, 26.9745],
        [19.2279, 38.8171],
        [21.0951, 33.7884],
        [22.7888, 38.9354],
        [22.2485, 36.8046],
        [23.3649, 36.6164],
        [24.5173, 31.9785],
        [27.1492, 32.7444],
        [25.9986, 36.9445],
        [24.6562, 45.1548],
        [26.5967, 43.9303],
        [23.4508, 44.2261],
        [24.2193, 41.9057],
        [24.4263, 43.9527],
        [24.4263, 43.9527],
        [26.4830, 35.0285],
        [26.4830, 35.0285],
        [25.6744, 35.6278],
        [25.7181, 38.1531],
        [28.5953, 21.7285],
        [28.5953, 21.7285],
        [28.7485, 30.4316],
        [28.7485, 30.4316],
        [28.7485, 30.4316],
        [29.0050, 38.7786],
        [28.5953, 21.7285],
        [28.3409, 15.9781],
        [28.0202, 12.1675],
        [25.5604, 11.4501],
        [24.7658, 11.0340],
        [24.7658, 11.0340],
        [24.7658, 11.0340],
        [23.9712, 10.6180],
        [27.5788, 10.4858],
        [29.5972,  9.5216],
        [32.3024, 17.4348],
        [35.0436, 17.1085],
        [39.4398, 20.9104],
        [36.9571, 14.7181],
        [35.5866, 14.8813],
        [35.0436, 17.1085],
        [34.5006, 19.3357],
        [32.7682, 16.4645],
        [32.2252, 18.6917],
        [28.9325, 14.7245],
        [21.2684, 21.0550],
        [24.9471, 12.4870],
        [22.3360, 12.1436],
        [19.0060, 12.8622],
        [17.7005, 12.6905],
        [17.7005, 12.6905],
        [13.5259, 12.1130],
        [18.6104,  5.6144],
        [26.1569, -0.3698],
        [27.8456,  0.3843],
        [26.1569, -0.3698],
        [26.2471,  3.6048],
        [22.9600,  6.0713],
        [27.0421,  5.8750],
        [22.1622, 10.4628],
        [23.5783,  9.3690],
        [23.5576,  6.3915],
        [23.5576,  6.3915],
        [28.9222,  8.3470],
        [29.2430, 12.1576],
        [29.2430, 12.1576],
        [27.1651,  6.2594],
        [27.1651,  6.2594],
        [29.2430, 12.1576],
        [29.5637, 15.9682],
        [29.5637, 15.9682],
        [ 1.6123, 61.3081],
        [ 1.6123, 61.3081],
        [ 3.4908, 64.4246],
        [ 2.2283, 63.6483],
        [ 2.1805, 61.9852],
        [ 2.7964, 64.3254],
        [ 3.3646, 65.0024],
        [ 3.3168, 63.3392],
        [ 4.4592, 63.3812],
        [ 3.5122, 61.8416],
        [ 3.4644, 60.1784],
        [ 9.3701, 57.5763],
        [10.5742, 57.7254],
        [10.5742, 57.7254],
        [ 7.1600, 57.6039],
        [ 7.9931, 57.6401],
        [ 5.2350, 58.7028],
        [ 7.4524, 55.8717],
        [ 6.4622, 56.4883],
        [11.7137, 54.2122],
        [ 8.1284, 56.5605],
        [ 8.1284, 56.5605],
        [ 8.1284, 56.5605],
        [ 8.1284, 56.5605],
        [ 5.7553, 57.7166],
        [ 6.6005, 57.2420],
        [ 6.3094, 55.4132],
        [ 7.2025, 56.6017],
        [ 6.0856, 48.1312],
        [ 5.4840, 51.5900],
        [ 4.6248, 49.0841],
        [ 4.6248, 49.0841],
        [ 3.7655, 46.5783],
        [ 3.4897, 42.8639],
        [ 2.6658, 43.5615],
        [ 1.6823, 41.3169],
        [ 1.6823, 41.3169],
        [ 1.9472, 46.3907],
        [ 2.2383, 48.2194],
        [ 2.2383, 48.2194],
        [ 1.9472, 46.3907],
        [ 2.5293, 50.0482],
        [ 3.9568, 53.2312],
        [ 5.7708, 61.5693],
        [10.0996, 49.7141],
        [10.0996, 49.7141],
        [11.9713, 43.1538],
        [10.0996, 49.7141],
        [ 8.9851, 41.4216],
        [ 2.6421, 33.9572],
        [ 2.7489, 34.3527],
        [ 2.4745, 34.6222],
        [ 3.6347, 35.7515],
        [ 4.3301, 35.9312],
        [ 5.0255, 36.1109],
        [ 3.6347, 35.7515],
        [ 2.9393, 35.5718],
        [ 0.8531, 35.0327],
        [ 5.0255, 36.1109],
        [ 4.2273, 35.7130],
        [ 8.0912, 36.1365],
        [ 2.8023, 34.4294],
        [ 1.5143, 34.2882],
        [ 2.2097, 34.4679],
        [ 2.3126, 34.6862],
        [ 2.3126, 34.6862],
        [ 2.4154, 34.9044],
        [ 3.1108, 35.0841],
        [ 3.9091, 35.4821],
        [ 0.7406, 35.2383],
        [ 2.4736, 35.8755],
        [ 0.7362, 35.2154],
        [ 0.7362, 35.2154],
        [ 2.4736, 35.8755],
        [ 2.4736, 35.8755],
        [ 3.4897, 42.8639],
        [ 3.7827, 37.1379],
        [ 4.9778, 38.5269],
        [ 5.4526, 37.8159],
        [ 4.7300, 35.9372],
        [ 4.1657, 34.9866],
        [ 3.5909, 35.2511],
        [ 3.5909, 35.2511],
        [ 3.1699, 34.8019],
        [ 3.7625, 34.7634],
        [ 2.9204, 33.8650],
        [ 5.1618, 28.3703],
        [ 7.2131, 24.8030],
        [ 0.1389, 22.5606],
        [ 0.1389, 22.5606],
        [ 0.1389, 22.5606],
        [ 0.3989, 22.6307],
        [ 2.3534, 20.2025],
        [ 1.3762, 21.4166],
        [ 0.3989, 22.6307],
        [ 1.0735, 21.6728],
        [ 2.8228, 19.0401],
        [ 1.7446, 23.0457],
        [ 1.7958, 22.8589],
        [-0.1822, 21.6054],
        [ 0.2995, 21.0030],
        [ 1.4665, 17.6539],
        [ 0.8549, 18.4306],
        [-0.2490, 20.1681],
        [-0.7299, 21.3161],
        [ 2.8827, 19.4686],
        [ 5.4293, 11.2295],
        [ 3.1753, 16.2974],
        [ 5.4293, 11.2295],
        [ 4.4680, 14.6486],
        [ 5.5482, 15.9897],
        [ 9.7390, 15.5575],
        [ 3.7639, 17.6051],
        [ 5.3490, 16.8971],
        [11.1288, 15.3463],
        [19.2467, 11.9746],
        [16.5699, 12.4823],
        [19.2467, 11.9746],
        [19.2467, 11.9746],
        [21.4806, 10.3124],
        [23.4249,  9.4992],
        [20.8378,  9.9127],
        [20.9160,  5.5592],
        [13.0356,  9.5259],
        [ 7.3724, 12.2789],
        [ 4.5949, 10.1405],
        [ 7.3724, 12.2789],
        [ 4.5949, 10.1405],
        [ 5.5495,  6.8890],
        [ 7.0692,  7.1627],
        [ 7.0692,  7.1627],
        [10.5500,  8.2814],
        [ 7.0692,  7.1627],
        [ 5.3898,  6.4575],
        [ 7.0692,  7.1627],
        [ 9.9901,  5.9651],
        [ 8.0423,  7.8879],
        [ 5.3898,  6.4575],
        [ 5.3898,  6.4575],
        [ 6.7144,  4.6331],
        [ 6.7144,  4.6331],
        [ 5.0115, 54.2394],
        [ 4.9637, 52.5761],
        [ 5.5318, 53.2532],
        [ 5.6274, 56.5796],
        [ 5.8707, 56.7452],
        [ 6.5345, 60.7487],
        [ 7.1166, 59.7000],
        [ 7.1166, 59.7000],
        [ 7.0751, 57.2468],
        [ 7.0337, 54.7935],
        [ 7.0337, 54.7935],
        [ 6.4867, 59.0855],
        [ 7.3459, 61.5913],
        [ 6.7777, 60.9143],
        [ 6.4051, 58.7396],
        [10.4924, 57.7485],
        [25.7251, 56.3339],
        [25.6563, 55.8468],
        [24.4567, 56.0672],
        [25.1082, 48.5048],
        [24.4567, 56.0672],
        [24.4567, 56.0672],
        [24.4567, 56.0672],
        [24.4567, 56.0672],
        [23.1067, 58.1575],
        [10.0347, 56.2556],
        [ 8.9615, 56.5967],
        [12.0014, 58.4735],
        [ 8.5189, 59.3765],
        [ 7.2165, 59.5822],
        [ 8.0622, 61.3667],
        [12.9917, 57.8569],
        [23.8229, 58.1578],
        [23.8967, 54.2937],
        [24.6094, 54.3076],
        [23.8967, 54.2937],
        [23.8967, 54.2937],
        [24.6094, 54.3076],
        [26.0418, 54.3080],
        [26.2768, 53.3959],
        [26.8417, 51.1896],
        [26.6763, 55.4220],
        [26.1950, 54.5096],
        [26.8703, 55.0667],
        [26.8188, 52.0345],
        [27.7625, 45.7875],
        [25.8220, 47.0120],
        [26.7808, 46.8222],
        [27.5403, 37.6833],
        [20.0465, 32.5190],
        [20.0465, 32.5190],
        [19.1500, 37.3648],
        [19.1500, 37.3648],
        [19.1500, 37.3648],
        [20.1393, 32.1244],
        [20.1393, 32.1244],
        [20.1393, 32.1244],
        [20.6934, 43.8042],
        [19.8292, 44.6569],
        [19.8292, 44.6569],
        [22.8531, 42.6854],
        [22.8531, 42.6854],
        [22.8531, 42.6854],
        [18.2706, 41.4313],
        [17.1721, 41.7237],
        [15.9978, 40.3119],
        [14.9885, 36.9400],
        [14.9885, 36.9400],
        [14.9885, 36.9400],
        [14.9885, 36.9400],
        [15.8461, 36.9035],
        [16.0870, 36.6476],
        [15.7786, 36.5380],
        [17.1180, 35.9896],
        [20.2147, 36.3293],
        [19.9188, 35.5320],
        [23.6369, 34.5195],
        [24.9940, 38.8241],
        [23.0608, 36.8384],
        [25.7687, 35.7424],
        [20.1393, 32.1244],
        [20.7329, 35.2099],
        [20.4891, 29.6191],
        [19.7488, 32.1602],
        [19.2790, 30.9387],
        [20.2186, 33.3818],
        [20.2186, 33.3818],
        [19.8231, 29.1476],
        [19.8231, 29.1476],
        [19.1570, 28.6760],
        [17.8992, 24.7203],
        [16.8377, 20.0145],
        [17.4592, 20.9451],
        [17.0636, 16.7108],
        [17.2599, 15.9608],
        [18.3957, 17.6538],
        [19.4573, 22.3596],
        [20.0014, 20.5685],
        [20.3969, 24.8028],
        [20.3248, 31.3351],
        [22.0097, 28.9374],
        [21.5043, 22.5013],
        [28.2412, 32.1938],
        [28.9238, 40.2618],
        [28.2412, 32.1938],
        [24.8727, 27.3476],
        [24.8727, 27.3476],
        [20.8637, 20.2900],
        [24.8727, 27.3476],
        [19.5316, 19.3469],
        [20.3482, 16.7729],
        [19.1361, 15.1127],
        [19.6059, 16.3343],
        [19.6059, 16.3343],
        [27.2484, 10.2671],
        [27.5692, 14.0777],
        [26.2095,  6.7906],
        [13.3590,  6.6067],
        [13.5394,  8.8781],
        [15.0934,  8.6910],
        [15.0934,  8.6910],
        [15.0934,  8.6910],
        [11.9855,  9.0652],
        [13.5394,  8.8781],
        [11.7974,  6.3609],
        [ 9.9901,  5.9651],
        [ 8.3106,  5.2599],
        [ 9.3160, 10.3098],
        [ 9.3160, 10.3098],
        [ 9.9901,  5.9651],
        [ 8.7487,  7.8678],
        [10.7394,  7.7952],
        [13.9904,  5.5699],
        [20.0843,  7.0970],
        [25.9424,  5.2145],
        [18.2668,  8.5974],
        [19.1329,  9.3783],
        [19.1329,  9.3783],
        [20.0726, 11.8214],
        [19.6028, 10.5999],
        [20.7291, 12.9625],
        [20.0726, 11.8214],
        [18.9367, 10.1284],
        [19.1329,  9.3783]], grad_fn=<ThAddmmBackward>)
tensor([[32., 63.],
        [32., 63.],
        [32., 63.],
        [32., 63.],
        [32., 63.],
        [32., 63.],
        [32., 63.],
        [32., 63.],
        [32., 63.],
        [32., 63.],
        [32., 63.],
        [32., 63.],
        [32., 63.],
        [32., 63.],
        [32., 63.],
        [32., 59.],
        [32., 59.],
        [32., 59.],
        [32., 59.],
        [32., 59.],
        [32., 59.],
        [32., 59.],
        [32., 59.],
        [32., 55.],
        [32., 55.],
        [32., 55.],
        [32., 55.],
        [32., 55.],
        [32., 55.],
        [32., 55.],
        [32., 55.],
        [32., 55.],
        [32., 51.],
        [32., 51.],
        [32., 51.],
        [32., 51.],
        [32., 51.],
        [32., 51.],
        [32., 51.],
        [32., 51.],
        [32., 51.],
        [32., 47.],
        [32., 47.],
        [32., 47.],
        [32., 47.],
        [32., 47.],
        [32., 47.],
        [32., 47.],
        [32., 47.],
        [32., 47.],
        [32., 43.],
        [32., 43.],
        [32., 43.],
        [32., 43.],
        [32., 43.],
        [32., 43.],
        [32., 43.],
        [32., 43.],
        [32., 43.],
        [32., 39.],
        [32., 39.],
        [32., 39.],
        [32., 39.],
        [32., 39.],
        [32., 39.],
        [32., 39.],
        [32., 39.],
        [32., 39.],
        [32., 35.],
        [32., 35.],
        [32., 35.],
        [32., 35.],
        [32., 35.],
        [32., 35.],
        [32., 35.],
        [32., 35.],
        [32., 35.],
        [29., 31.],
        [29., 31.],
        [29., 31.],
        [29., 31.],
        [29., 31.],
        [29., 31.],
        [29., 31.],
        [29., 31.],
        [29., 31.],
        [29., 27.],
        [29., 27.],
        [29., 27.],
        [29., 27.],
        [29., 27.],
        [29., 27.],
        [29., 27.],
        [29., 27.],
        [33., 23.],
        [33., 23.],
        [33., 23.],
        [33., 23.],
        [33., 23.],
        [33., 23.],
        [33., 23.],
        [33., 23.],
        [33., 23.],
        [33., 19.],
        [33., 19.],
        [33., 19.],
        [33., 19.],
        [33., 19.],
        [33., 19.],
        [33., 19.],
        [33., 19.],
        [33., 19.],
        [33., 15.],
        [33., 15.],
        [33., 15.],
        [33., 15.],
        [33., 15.],
        [33., 15.],
        [33., 15.],
        [33., 15.],
        [33., 11.],
        [33., 11.],
        [33., 11.],
        [33., 11.],
        [33., 11.],
        [33., 11.],
        [33., 11.],
        [33., 11.],
        [33.,  7.],
        [33.,  7.],
        [33.,  7.],
        [33.,  7.],
        [33.,  7.],
        [33.,  7.],
        [33.,  7.],
        [33.,  7.],
        [30.,  3.],
        [30.,  3.],
        [30.,  3.],
        [30.,  3.],
        [30.,  3.],
        [30.,  3.],
        [30.,  3.],
        [30.,  3.],
        [30.,  3.],
        [30.,  3.],
        [ 2., 63.],
        [ 2., 63.],
        [ 2., 63.],
        [ 2., 63.],
        [ 2., 63.],
        [ 2., 63.],
        [ 2., 63.],
        [ 2., 63.],
        [ 2., 63.],
        [ 2., 63.],
        [ 2., 63.],
        [ 2., 59.],
        [ 2., 59.],
        [ 2., 59.],
        [ 2., 59.],
        [ 2., 59.],
        [ 2., 59.],
        [ 2., 59.],
        [ 2., 59.],
        [ 2., 55.],
        [ 2., 55.],
        [ 2., 55.],
        [ 2., 55.],
        [ 2., 55.],
        [ 2., 55.],
        [ 2., 55.],
        [ 2., 55.],
        [ 2., 51.],
        [ 2., 51.],
        [ 2., 51.],
        [ 2., 51.],
        [ 2., 51.],
        [ 2., 51.],
        [ 2., 51.],
        [ 2., 51.],
        [ 2., 47.],
        [ 2., 47.],
        [ 2., 47.],
        [ 2., 47.],
        [ 2., 47.],
        [ 2., 47.],
        [ 2., 47.],
        [ 2., 47.],
        [ 2., 47.],
        [ 2., 43.],
        [ 2., 43.],
        [ 2., 43.],
        [ 2., 43.],
        [ 2., 43.],
        [ 2., 43.],
        [ 2., 43.],
        [ 2., 43.],
        [ 2., 39.],
        [ 2., 39.],
        [ 2., 39.],
        [ 2., 39.],
        [ 2., 39.],
        [ 2., 39.],
        [ 2., 39.],
        [ 2., 39.],
        [ 2., 39.],
        [ 2., 35.],
        [ 2., 35.],
        [ 2., 35.],
        [ 2., 35.],
        [ 2., 35.],
        [ 2., 35.],
        [ 2., 35.],
        [ 2., 35.],
        [ 2., 35.],
        [ 2., 31.],
        [ 2., 31.],
        [ 2., 31.],
        [ 2., 31.],
        [ 2., 31.],
        [ 2., 31.],
        [ 2., 31.],
        [ 2., 31.],
        [ 2., 31.],
        [ 2., 27.],
        [ 2., 27.],
        [ 2., 27.],
        [ 2., 27.],
        [ 2., 27.],
        [ 2., 27.],
        [ 2., 27.],
        [ 2., 27.],
        [ 2., 27.],
        [ 2., 23.],
        [ 2., 23.],
        [ 2., 23.],
        [ 2., 23.],
        [ 2., 23.],
        [ 2., 23.],
        [ 2., 23.],
        [ 2., 23.],
        [ 2., 23.],
        [ 2., 19.],
        [ 2., 19.],
        [ 2., 19.],
        [ 2., 19.],
        [ 2., 19.],
        [ 2., 19.],
        [ 2., 19.],
        [ 2., 19.],
        [ 2., 19.],
        [ 2., 15.],
        [ 2., 15.],
        [ 2., 15.],
        [ 2., 15.],
        [ 2., 15.],
        [ 2., 15.],
        [ 2., 15.],
        [ 2., 15.],
        [ 2., 15.],
        [ 2., 11.],
        [ 2., 11.],
        [ 2., 11.],
        [ 2., 11.],
        [ 2., 11.],
        [ 2., 11.],
        [ 2., 11.],
        [ 2., 11.],
        [ 2.,  7.],
        [ 2.,  7.],
        [ 2.,  7.],
        [ 2.,  7.],
        [ 2.,  7.],
        [ 2.,  7.],
        [ 2.,  7.],
        [ 2.,  7.],
        [ 2.,  3.],
        [ 2.,  3.],
        [ 2.,  3.],
        [ 2.,  3.],
        [ 2.,  3.],
        [ 2.,  3.],
        [ 2.,  3.],
        [ 2.,  3.],
        [ 2.,  3.],
        [ 2.,  3.],
        [17., 63.],
        [17., 63.],
        [17., 63.],
        [17., 63.],
        [17., 63.],
        [17., 63.],
        [17., 63.],
        [17., 63.],
        [17., 63.],
        [17., 63.],
        [17., 63.],
        [17., 63.],
        [17., 63.],
        [17., 63.],
        [17., 63.],
        [17., 63.],
        [17., 63.],
        [17., 59.],
        [17., 59.],
        [17., 59.],
        [17., 59.],
        [17., 59.],
        [17., 59.],
        [17., 59.],
        [17., 59.],
        [17., 55.],
        [17., 55.],
        [17., 55.],
        [17., 55.],
        [17., 55.],
        [17., 55.],
        [17., 55.],
        [17., 55.],
        [17., 51.],
        [17., 51.],
        [17., 51.],
        [17., 51.],
        [17., 51.],
        [17., 51.],
        [17., 51.],
        [17., 51.],
        [17., 47.],
        [17., 47.],
        [17., 47.],
        [17., 47.],
        [17., 47.],
        [17., 47.],
        [17., 47.],
        [17., 47.],
        [17., 43.],
        [17., 43.],
        [17., 43.],
        [17., 43.],
        [17., 43.],
        [17., 43.],
        [17., 43.],
        [17., 43.],
        [17., 39.],
        [17., 39.],
        [17., 39.],
        [17., 39.],
        [17., 39.],
        [17., 39.],
        [17., 39.],
        [17., 39.],
        [17., 39.],
        [17., 35.],
        [17., 35.],
        [17., 35.],
        [17., 35.],
        [17., 35.],
        [17., 35.],
        [17., 35.],
        [17., 35.],
        [17., 31.],
        [17., 31.],
        [17., 31.],
        [17., 31.],
        [17., 31.],
        [17., 31.],
        [17., 31.],
        [17., 31.],
        [17., 31.],
        [17., 27.],
        [17., 27.],
        [17., 27.],
        [17., 27.],
        [17., 27.],
        [17., 27.],
        [17., 27.],
        [17., 27.],
        [17., 27.],
        [17., 23.],
        [17., 23.],
        [17., 23.],
        [17., 23.],
        [17., 23.],
        [17., 23.],
        [17., 23.],
        [17., 23.],
        [17., 19.],
        [17., 19.],
        [17., 19.],
        [17., 19.],
        [17., 19.],
        [17., 19.],
        [17., 19.],
        [17., 19.],
        [17., 19.],
        [17., 15.],
        [17., 15.],
        [17., 15.],
        [17., 15.],
        [17., 15.],
        [17., 15.],
        [17., 15.],
        [17., 15.],
        [17., 15.],
        [17., 11.],
        [17., 11.],
        [17., 11.],
        [17., 11.],
        [17., 11.],
        [17., 11.],
        [17., 11.],
        [17., 11.],
        [17., 11.],
        [17.,  7.],
        [17.,  7.],
        [17.,  7.],
        [17.,  7.],
        [17.,  7.],
        [17.,  7.],
        [17.,  7.],
        [17.,  7.],
        [17.,  3.],
        [17.,  3.],
        [17.,  3.],
        [17.,  3.],
        [17.,  3.],
        [17.,  3.],
        [17.,  3.],
        [17.,  3.],
        [17.,  3.]])
tensor(36.4659)